,Lieu_1,Lieu_2,Lieu_3,Lieu_4,Lieu_5,Lieu_6,Lieu_7,Lieu_8,Lieu_9,Lieu_10
Lieu_1,0,59,73,58,50,33,82,17,56,54
Lieu_2,59,0,63,39,62,47,22,67,58,74
Lieu_3,73,63,0,80,41,22,32,82,38,52
Lieu_4,58,39,80,0,54,15,39,56,42,60
Lieu_5,50,62,41,54,0,16,53,12,42,45
Lieu_6,33,47,22,15,16,0,28,10,21,52
Lieu_7,82,22,32,39,53,28,0,48,67,42
Lieu_8,17,67,82,56,12,10,48,0,48,67
Lieu_9,56,58,38,42,42,21,67,48,0,43
Lieu_10,54,74,52,60,45,52,42,67,43,0
